0.010000  0.0947635 0.000672864 0.0140411 0.0807224
0.020000  0.150687 0.00101423 0.0277099 0.122977
0.030000  0.200985 0.00124268 0.0412216 0.159764
0.040000  0.248411 0.00140254 0.0546786 0.193732
0.050000  0.294024 0.00151359 0.0681269 0.225897
0.060000  0.338276 0.00158791 0.0813662 0.25691
0.070000  0.381554 0.00163848 0.0945721 0.286982
0.080000  0.424077 0.00166681 0.107731 0.316347
0.090000  0.465978 0.00167329 0.121174 0.344804
0.100000  0.507293 0.00166921 0.134192 0.3731
0.110000  0.548133 0.00165157 0.14746 0.400673
0.120000  0.588613 0.00162545 0.160679 0.427933
0.130000  0.628673 0.00158854 0.173872 0.454801
0.140000  0.668422 0.00154822 0.186991 0.481431
0.150000  0.707901 0.00150012 0.20021 0.507691
0.160000  0.747128 0.00145059 0.213415 0.533713
0.170000  0.786064 0.00139569 0.226445 0.559619
0.180000  0.824857 0.00134026 0.239634 0.585223
0.190000  0.86339 0.00127916 0.253001 0.610389
0.200000  0.901731 0.00122023 0.266095 0.635636
0.210000  0.939904 0.00115962 0.278997 0.660907
0.220000  0.977937 0.00109752 0.292458 0.685478
0.230000  1.0158 0.00103706 0.305701 0.710096
0.240000  1.05352 0.000976661 0.31877 0.734748
0.250000  1.0911 0.000917422 0.33186 0.759236
0.260000  1.12852 0.000858937 0.34514 0.783382
0.270000  1.16585 0.00080066 0.358286 0.807564
0.280000  1.20304 0.000745057 0.371182 0.831859
0.290000  1.24011 0.00069036 0.384398 0.855711
0.300000  1.27714 0.000637384 0.397899 0.879238
0.310000  1.31401 0.000587461 0.410996 0.903017
0.320000  1.35082 0.000538696 0.42398 0.926837
0.330000  1.3875 0.000492868 0.437106 0.950394
0.340000  1.42411 0.0004487 0.45069 0.973416
0.350000  1.46063 0.000407767 0.463544 0.997087
0.360000  1.49707 0.000369406 0.476619 1.02045
0.370000  1.53342 0.00033366 0.489847 1.04357
0.380000  1.56972 0.000299739 0.503525 1.0662
0.390000  1.60593 0.000269604 0.516651 1.08927
0.400000  1.64208 0.000241794 0.529908 1.11217
0.410000  1.67815 0.000217361 0.543474 1.13468
0.420000  1.71416 0.000195881 0.556572 1.15759
0.430000  1.7501 0.000177244 0.570076 1.18003
0.440000  1.78599 0.000161745 0.583085 1.20291
0.450000  1.82181 0.000149537 0.596044 1.22576
0.460000  1.85756 0.000140442 0.609317 1.24825
0.470000  1.89327 0.00013408 0.623033 1.27023
0.480000  1.92893 0.000131313 0.636171 1.29276
0.490000  1.96452 0.000131752 0.64907 1.31545
0.500000  2.00007 0.00013528 0.662826 1.33724
0.510000  2.03557 0.000141879 0.676047 1.35952
0.520000  2.07103 0.000151768 0.689501 1.38153
0.530000  2.10643 0.000165389 0.702366 1.40406
0.540000  2.1418 0.000181722 0.715699 1.4261
0.550000  2.17711 0.000200916 0.729251 1.44786
0.560000  2.21235 0.000224845 0.743288 1.46906
0.570000  2.24759 0.000250844 0.755984 1.4916
0.580000  2.28275 0.000281174 0.769481 1.51327
0.590000  2.31791 0.000313504 0.782818 1.53509
0.600000  2.35301 0.000349698 0.796092 1.55691
0.610000  2.38809 0.000389279 0.809073 1.57901
0.620000  2.42312 0.000431862 0.82249 1.60063
0.630000  2.45809 0.000478541 0.83534 1.62275
0.640000  2.49305 0.000526412 0.849332 1.64372
0.650000  2.52797 0.000579284 0.86256 1.66541
0.660000  2.56283 0.000635465 0.876108 1.68672
0.670000  2.59769 0.000694184 0.889391 1.7083
0.680000  2.6325 0.00075675 0.902966 1.72953
0.690000  2.66727 0.000822962 0.916297 1.75097
0.700000  2.70203 0.000890366 0.929527 1.7725
0.710000  2.73674 0.000961695 0.94336 1.79338
0.720000  2.77144 0.001038 0.956012 1.81543
0.730000  2.80609 0.00111586 0.970149 1.83594
0.740000  2.8407 0.00119775 0.983292 1.85741
0.750000  2.87532 0.00128359 0.996059 1.87926
0.760000  2.90985 0.0013728 1.00972 1.90013
0.770000  2.94441 0.00146256 1.02328 1.92113
0.780000  2.97892 0.00155821 1.03577 1.94315
0.790000  3.01346 0.00165248 1.04922 1.96424
0.800000  3.04788 0.00175547 1.06255 1.98533
0.810000  3.08233 0.0018562 1.07636 2.00597
0.820000  3.11667 0.0019655 1.09058 2.02609
0.830000  3.15111 0.0020731 1.10372 2.04739
0.840000  3.18546 0.00218648 1.11659 2.06887
0.850000  3.21978 0.00230242 1.13005 2.08973
0.860000  3.2541 0.002422 1.14367 2.11044
0.870000  3.28836 0.00254308 1.1575 2.13086
0.880000  3.32268 0.00266618 1.17046 2.15221
0.890000  3.35686 0.00279562 1.18427 2.17259
0.900000  3.39111 0.0029255 1.19736 2.19376
0.910000  3.42531 0.00305935 1.21099 2.21432
0.920000  3.45942 0.00320356 1.22468 2.23474
0.930000  3.49367 0.00333336 1.23805 2.25562
0.940000  3.52777 0.00347511 1.25181 2.27596
0.950000  3.56192 0.00361944 1.26467 2.29725
0.960000  3.59594 0.00377131 1.27889 2.31706
0.970000  3.63001 0.00392237 1.29208 2.33792
0.980000  3.66411 0.00407213 1.30557 2.35853
0.990000  3.69808 0.00423197 1.31925 2.37884
1.000000  3.73212 0.00439346 1.33232 2.3998
