  
0.100000  0.507292 0.00166824 0.134314 0.372978
0.110000  0.548133 0.00165157 0.14746 0.400673
0.120000  0.588613 0.00162545 0.160679 0.427933
0.130000  0.628673 0.00158854 0.173872 0.454801
0.140000  0.668422 0.00154822 0.186991 0.481431
0.150000  0.707901 0.00150012 0.20021 0.507691
0.160000  0.747128 0.00145059 0.213415 0.533713
0.170000  0.786064 0.00139569 0.226445 0.559619
0.180000  0.824857 0.00134026 0.239634 0.585223
0.190000  0.86339 0.00127916 0.253001 0.610389
0.200000  0.901731 0.00122023 0.266095 0.635636
0.210000  0.939904 0.00115962 0.278997 0.660907
0.220000  0.977937 0.00109752 0.292458 0.685478
0.230000  1.0158 0.00103706 0.305701 0.710096
0.240000  1.05352 0.000976661 0.31877 0.734748
0.250000  1.0911 0.000917422 0.33186 0.759236
0.260000  1.12852 0.000858937 0.34514 0.783382
0.270000  1.16585 0.00080066 0.358286 0.807564
0.280000  1.20304 0.000745057 0.371182 0.831859
0.290000  1.24011 0.00069036 0.384398 0.855711
0.300000  1.27714 0.000637384 0.397899 0.879238
0.310000  1.31401 0.000587461 0.410996 0.903017
0.320000  1.35082 0.000538696 0.42398 0.926837
0.330000  1.3875 0.000492868 0.437106 0.950394
0.340000  1.42411 0.0004487 0.45069 0.973416
0.350000  1.46063 0.000407767 0.463544 0.997087
0.360000  1.49707 0.000369406 0.476619 1.02045
0.370000  1.53342 0.00033366 0.489847 1.04357
0.380000  1.56972 0.000299739 0.503525 1.0662
0.390000  1.60593 0.000269604 0.516651 1.08927
0.400000  1.64208 0.000241794 0.529908 1.11217
0.410000  1.67815 0.000217361 0.543474 1.13468
0.420000  1.71416 0.000195881 0.556572 1.15759
0.430000  1.7501 0.000177244 0.570076 1.18003
0.440000  1.78599 0.000161745 0.583085 1.20291
0.450000  1.82181 0.000149537 0.596044 1.22576
0.460000  1.85756 0.000140442 0.609317 1.24825
0.470000  1.89327 0.00013408 0.623033 1.27023
0.480000  1.92893 0.000131313 0.636171 1.29276
0.490000  1.96452 0.000131752 0.64907 1.31545
0.500000  2.04056 0.0364848 0.602336 1.43822
0.510000  2.07637 0.0375198 0.614253 1.46212
0.520000  2.11193 0.0385385 0.626877 1.48506
0.530000  2.14761 0.039516 0.639774 1.50784
0.540000  2.18338 0.0405061 0.652082 1.5313
0.550000  2.21883 0.0415423 0.664888 1.55394
0.560000  2.25437 0.0425346 0.677783 1.57659
0.570000  2.28961 0.0435436 0.690364 1.59924
0.580000  2.32512 0.0445897 0.702752 1.62237
0.590000  2.36028 0.0456223 0.715453 1.64483
0.600000  2.39572 0.0466331 0.728049 1.66767
0.610000  2.38901 0.00144328 0.82595 1.56306
0.620000  2.42396 0.0013828 0.839495 1.58446
0.630000  2.45887 0.00132399 0.853327 1.60554
0.640000  2.49371 0.00126533 0.867217 1.62649
0.650000  2.52854 0.00121045 0.879922 1.64862
0.660000  2.56335 0.00115599 0.893951 1.6694
0.670000  2.5981 0.00110198 0.907305 1.69079
0.680000  2.63283 0.00105033 0.920357 1.71248
0.690000  2.66755 0.00100005 0.934083 1.73347
0.700000  2.70219 0.000951174 0.946936 1.75525
0.710000  2.73681 0.000902772 0.961201 1.77561
0.720000  2.77145 0.000856382 0.975401 1.79605
0.730000  2.80602 0.000812445 0.988576 1.81744
0.740000  2.84057 0.00076917 1.00263 1.83793
0.750000  2.87508 0.000729647 1.01557 1.85951
0.760000  2.90956 0.000690162 1.02857 1.88099
0.770000  2.94404 0.0006518 1.0424 1.90164
0.780000  2.97851 0.000615384 1.05639 1.92212
0.790000  3.01289 0.000581494 1.06953 1.94336
0.800000  3.04729 0.000548616 1.0835 1.96379
0.810000  3.08164 0.000517487 1.09634 1.9853
0.820000  3.11595 0.000487516 1.11101 2.00494
0.830000  3.15029 0.000459976 1.12402 2.02628
0.840000  3.18457 0.00043465 1.13792 2.04666
0.850000  3.21884 0.000409616 1.15178 2.06705
0.860000  3.25308 0.000387283 1.1654 2.08768
0.870000  3.28731 0.000366696 1.17887 2.10844
0.880000  3.3215 0.000347896 1.1922 2.1293
0.890000  3.35568 0.000331479 1.20517 2.15051
0.900000  3.38982 0.000315605 1.22019 2.16962
0.910000  3.42394 0.000302305 1.23305 2.19089
0.920000  3.45807 0.00029124 1.24689 2.21117
0.930000  3.49215 0.000281189 1.2604 2.23174
0.940000  3.52622 0.000273028 1.27433 2.25188
0.950000  3.56028 0.000266466 1.28797 2.27231
0.960000  3.5943 0.00026218 1.30201 2.2923
0.970000  3.62831 0.000260184 1.31472 2.31359
0.980000  3.66231 0.000259443 1.32788 2.33443
0.990000  3.69628 0.000260456 1.34272 2.35356
1.000000  3.73022 0.000263698 1.35555 2.37467
